-99.86 16.82 0.11 -23.44 12.27
-99.90 16.84 -5.09 -28.39 13.62
-100.27 17.05 -18.18 -39.26 37.51
-100.08 17.01 -4.96 -38.10 37.41
-99.63 16.78 -6.81 -18.45 12.86
-99.65 17.02 -15.07 -30.20 33.74
-96.11 15.77 0.00 0.00 0.00
-99.50 18.39 -14.27 -31.46 -20.42
-99.62 17.45 -17.14 -19.13 -8.07
-99.59 17.93 -21.04 -35.80 -36.15
-96.73 17.07 0.00 0.00 0.00
-98.13 16.39 0.00 0.00 0.00
-100.63 17.23 -14.12 -31.47 32.31
-99.64 19.29 -12.12 -3.65 -5.24
-99.19 19.32 -2.93 -8.88 -8.76
-99.07 18.86 -3.97 -7.54 -13.04
-101.47 17.61 -36.65 -25.71 49.25
