  -9.9903000e+01   1.6838000e+01  -9.9119676e+00  -4.0954470e+01  -2.3351232e+01
  -1.0034800e+02   1.8280000e+01  -1.9348662e+01  -4.0616585e+01   2.5593932e+01
  -1.0026700e+02   1.7049000e+01  -2.2002475e+01  -4.9950793e+01  -4.4932545e+01
  -1.0008100e+02   1.7008000e+01  -1.7481153e+01  -5.1178641e+01  -4.5923516e+01
  -9.9629000e+01   1.6776000e+01  -7.1937947e+00  -3.6448752e+01  -2.4504250e+01
  -9.9035000e+01   2.0300000e+01  -1.3987187e+00  -1.0000947e+01   2.3301949e+00
  -9.9651000e+01   1.7021000e+01  -2.2897505e+01  -3.8394844e+01  -2.9919073e+01
  -9.6108000e+01   1.5769000e+01  -2.2153940e-01  -5.7014827e+00  -5.8126831e+00
  -9.9176300e+01   1.9326600e+01  -7.2300706e+00  -1.8225755e+01   1.3390639e+01
  -9.9502000e+01   1.8392000e+01  -1.8776755e+01  -3.4252482e+01   1.7151922e+01
  -9.9620000e+01   1.7455000e+01  -2.0461030e+01  -3.3580865e+01   7.1561525e+00
  -9.9591000e+01   1.7930000e+01  -2.4105150e+01  -4.1058650e+01   2.4628801e+01
  -9.8817200e+01   1.6593000e+01  -1.5489081e+00  -1.5725958e+01  -3.2162552e+00
  -1.0104700e+02   1.7272000e+01  -2.7831135e+01  -6.4679191e+01  -3.3827727e+01
  -9.8127000e+01   1.6393000e+01  -9.1121183e+00  -2.6815649e+01  -1.3091692e+00
  -9.9390000e+01   1.6807000e+01   5.4365550e+00  -3.5040366e+01  -1.1373915e+01
  -1.0062800e+02   1.7235000e+01  -2.3684423e+01  -4.7645611e+01  -1.9621212e+01
  -9.9067000e+01   1.8862000e+01  -7.0751785e+00  -1.5870605e+01   1.0110273e+01
  -1.0146500e+02   1.7607000e+01  -3.7905273e+01  -3.6299353e+01  -4.8356777e+01
