  -9.9903000e+01   1.6838000e+01   -3.3476838e-03  -3.7250382e-02  -2.9492328e-02
  -1.0034800e+02   1.8280000e+01   -1.8766933e-02  -6.4254483e-02   3.1865939e-02
  -1.0026700e+02   1.7049000e+01   -1.0590673e-02  -5.2095926e-02  -4.7438373e-02
  -1.0008100e+02   1.7008000e+01   -7.3538101e-03  -5.0266088e-02  -4.4686241e-02
  -9.9629000e+01   1.6776000e+01    3.8996774e-04  -3.3517410e-02  -2.3103959e-02
  -9.9035000e+01   2.0300000e+01   -2.9903710e-03  -8.4227953e-03   6.6109541e-04
  -9.9651000e+01   1.7021000e+01   -3.0567243e-04  -4.5698631e-02  -3.6758771e-02
  -9.6108000e+01   1.5769000e+01    1.3216208e-04   4.2162939e-05   3.7094050e-04
  -9.9176300e+01   1.9326600e+01   -6.6595272e-03  -1.8355353e-02   4.9681052e-03
  -9.9502000e+01   1.8392000e+01   -2.1350194e-02  -4.2626393e-02   1.4132352e-02
  -9.9620000e+01   1.7455000e+01   -1.1557655e-02  -4.2103823e-02  -2.1508916e-02
  -9.9591000e+01   1.7930000e+01   -2.8407229e-02  -4.7633146e-02   1.9327692e-02
  -9.8817200e+01   1.6593000e+01    3.9597350e-03  -5.0277063e-03  -5.5083754e-04
  -1.0104700e+02   1.7272000e+01   -1.8130494e-02  -5.7025508e-02  -5.5190404e-02
  -9.8127000e+01   1.6393000e+01    1.4562548e-03  -9.9949773e-04   6.2366994e-04
  -9.9390000e+01   1.6807000e+01    4.5348871e-03  -2.6365888e-02  -1.7432263e-02
  -1.0062800e+02   1.7235000e+01   -1.7946561e-02  -6.6363168e-02  -6.6821890e-02
  -9.9067000e+01   1.8862000e+01   -1.0518954e-02  -2.2402104e-02   7.5046308e-03
  -1.0146500e+02   1.7607000e+01   -3.3449302e-02  -5.5862758e-02  -6.2990449e-02
