  -9.9860000e+01   1.6820000e+01   -1.8645719e-03  -2.8769449e-02   2.1263898e-02
  -9.9900000e+01   1.6840000e+01   -2.4436820e-03  -2.9753092e-02   2.2608199e-02
  -1.0027000e+02   1.7050000e+01   -9.6463812e-03  -4.2299647e-02   3.7491617e-02
  -1.0008000e+02   1.7010000e+01   -6.1222701e-03  -4.1461189e-02   3.6154895e-02
  -9.9630000e+01   1.6780000e+01    6.7230709e-04  -2.6331262e-02   1.7697498e-02
  -9.9650000e+01   1.7020000e+01    5.6838986e-04  -3.5872016e-02   2.9198057e-02
  -9.6110000e+01   1.5770000e+01    1.0466948e-04   2.3856896e-05  -2.9816778e-04
  -9.9500000e+01   1.8390000e+01   -1.7794077e-02  -3.5218949e-02  -1.4129756e-02
  -9.9620000e+01   1.7450000e+01   -8.4982976e-03  -3.4984238e-02   1.8413823e-02
  -9.9590000e+01   1.7930000e+01   -2.3042565e-02  -3.7969234e-02  -1.5751869e-02
  -9.6730000e+01   1.7070000e+01   -1.8654619e-04  -1.7251437e-04  -4.5432141e-04
  -9.8130000e+01   1.6390000e+01    1.1593959e-03  -8.0320822e-04  -5.0704482e-04
  -1.0063000e+02   1.7230000e+01   -1.7070242e-02  -4.8507933e-02   4.8443940e-02
  -9.9640000e+01   1.9290000e+01   -5.1303396e-03  -1.7777230e-02  -4.5015317e-03
  -9.9190000e+01   1.9320000e+01   -5.4278736e-03  -1.4346982e-02  -3.7518477e-03
  -9.9070000e+01   1.8860000e+01   -8.6953041e-03  -1.7629864e-02  -5.7608505e-03
  -1.0147000e+02   1.7610000e+01   -1.8047800e-02  -4.7591944e-02   5.4778970e-02
