  -9.9860000e+01   1.6820000e+01   -2.5884128e-03  -2.8090398e-02   2.2000796e-02
  -9.9900000e+01   1.6840000e+01   -2.9977444e-03  -2.8800052e-02   2.3200736e-02
  -1.0027000e+02   1.7050000e+01   -7.7732644e-03  -4.0414297e-02   3.6405209e-02
  -1.0008000e+02   1.7010000e+01   -5.4546021e-03  -3.8559719e-02   3.3697405e-02
  -9.9630000e+01   1.6780000e+01   -8.8673624e-04  -2.7153495e-02   1.9227601e-02
  -9.9030000e+01   2.0300000e+01   -2.2142938e-03  -6.7409523e-03  -6.0048826e-04
  -9.9650000e+01   1.7020000e+01   -1.6367215e-03  -3.4878852e-02   2.7295307e-02
  -9.6110000e+01   1.5770000e+01    1.0755279e-04   3.0631904e-05  -2.7156623e-04
  -9.9500000e+01   1.8390000e+01   -1.6779283e-02  -3.4875717e-02  -1.1379821e-02
  -9.9590000e+01   1.7930000e+01   -2.2706423e-02  -3.7404581e-02  -1.1905206e-02
  -9.6730000e+01   1.7070000e+01   -1.4444325e-04  -1.6584562e-04  -4.2006503e-04
  -9.8130000e+01   1.6390000e+01    1.1967330e-03  -8.9926620e-04  -4.0447003e-04
  -9.9190000e+01   1.9320000e+01   -5.0786280e-03  -1.5461210e-02  -4.4958009e-03
  -9.9070000e+01   1.8860000e+01   -8.3130953e-03  -1.8958749e-02  -6.7911242e-03
  -1.0147000e+02   1.7610000e+01   -2.4979068e-02  -2.5754163e-02   2.0011988e-02
