   2.3444846e-01
   7.6145523e-01
   5.7654725e-01
   7.3470437e-01
   6.2607745e-01
   1.1838014e-01
   5.7117503e-01
   7.7950109e-01
   6.7948230e-01
   5.2783207e-01
   1.0465287e-01
   1.1266957e+00
   3.4837924e-01
   5.3508854e-01
   1.1301962e-01
   6.0515673e-01
   7.5023547e-01
   3.7170327e-01
   5.5098711e-01
   3.7523830e-01
   1.4593656e+00
   5.8283520e-01
   3.2819638e-01
   5.4492283e-01
   4.6656517e-02
   5.0690979e-01
   6.2471516e-01
   5.8080743e-01
   1.0775041e-01
   4.5047435e-01
   0.0000000e+00
   6.0668239e-01
   7.6835070e-01
   4.6665394e-02
   5.4860238e-01
   8.8097909e-02
   4.3508737e-01
   8.8106173e-01
   6.4400745e-01
   7.9604846e-01
   3.1582107e-01
   3.9602599e-01
   2.0310240e-01
   6.9586837e-01
   0.0000000e+00
   5.1331776e-01
   7.5888499e-01
   6.2531303e-01
   7.3907283e-01
