   7.5215962e+19
   1.7027618e+20
   1.6830116e+20
   1.0870468e+20
   1.3589641e+20
   7.6001452e+18
   1.8158851e+20
   2.2614242e+20
   1.7031426e+20
   1.3747555e+20
   1.2135719e+19
   2.5253285e+20
   4.6060699e+19
   1.2490353e+20
   9.1243984e+18
   1.9433969e+20
   2.0872294e+20
   5.8905624e+19
   1.3268794e+20
   1.4312611e+20
   2.8899512e+20
   1.6486836e+20
   4.4403448e+19
   1.4037612e+20
   1.1666066e+18
   1.5786630e+20
   9.0470749e+19
   1.3660600e+20
   5.8808141e+18
   1.5189805e+20
   0.0000000e+00
   1.7518636e+20
   1.9141069e+20
   3.8777635e+17
   1.0926555e+20
   4.4526718e+18
   1.2545622e+20
   2.4656433e+20
   1.7466765e+20
   1.9604073e+20
   4.9263771e+19
   9.9786847e+19
   3.7348060e+19
   2.0683176e+20
   0.0000000e+00
   1.8414501e+20
   1.9579004e+20
   1.5292651e+20
   1.5947828e+20
